36
46,10,43,3,26,11,0,18,51,9,11,12,51,40,50,57,55,60,51,59,55,31,50,3,69,43,50,15,30,5,55,50,14,11,56,40
0,0,0,0,1,1,0,0,0,0,1,1,0,0,1,0,1,0,1,0,0,1,1,0,1,0,0,0,0,0,1,0,0,1,0,0
36
8,75,17,6,65,46,31,36,65,43,74,64,7,7,30,62,15,7,3,11,73,29,74,50,14,8,37,38,31,18,52,40,29,51,22,12
0,1,0,1,0,0,0,1,0,1,0,1,0,1,1,1,0,0,1,1,0,0,1,1,0,0,0,1,1,1,1,1,0,0,0,1
36
52,39,64,72,3,52,72,39,4,63,42,8,6,57,40,22,41,62,30,7,21,59,46,22,59,10,31,0,64,58,30,72,39,3,31,58
1,0,1,1,1,1,1,1,0,1,0,1,1,1,1,0,0,0,1,1,0,1,0,1,1,1,0,1,0,0,1,1,1,0,1,0
55
50,30,59,39,66,28,52,51,51,30,64,56,9,12,52,14,22,35,59,13,48,28,40,35,6,65,38,28,41,63,26,43,60,22,52,30,55,42,14,28,22,30,39,42,3,26,30,30,22,1,26,65,28,30,39
0,1,0,0,0,0,0,0,0,0,1,0,1,1,1,0,0,1,0,1,0,0,1,0,0,0,1,0,0,1,1,0,0,1,0,0,1,0,0,0,0,0,0,0,1,0,0,0,0,1,1,0,0,0,0
52
74,35,55,2,71,44,19,49,27,10,34,5,44,63,6,43,55,67,27,47,68,44,40,31,69,43,34,37,73,25,26,48,56,22,34,75,3,2,30,52,68,74,61,68,27,36,11,66,55,53,68,59
1,1,1,0,1,1,0,0,0,1,1,0,1,1,1,0,0,1,0,0,0,0,0,1,0,1,0,1,1,1,1,1,1,1,1,0,1,1,1,1,0,0,1,0,0,1,1,1,1,1,0,1
65
53,62,5,63,26,3,45,55,46,0,51,58,15,10,66,14,6,55,15,59,58,56,42,46,22,28,26,39,64,73,36,66,52,45,60,28,64,26,30,39,39,40,56,14,58,38,30,70,58,57,9,52,45,14,15,52,44,44,51,0,53,15,14,73,66
0,1,0,0,0,1,1,1,0,0,0,0,0,1,0,0,1,0,0,0,0,1,1,1,1,0,1,0,1,0,0,0,0,0,0,1,0,1,0,0,0,1,1,1,0,0,0,0,0,0,1,0,0,0,1,0,0,0,0,1,1,1,0,0,0
18
22,51,36,60,3,9,22,56,6,45,24,31,30,24,38,37,12,55
1,1,1,1,1,0,1,1,1,0,0,0,1,0,0,1,0,0
40
66,29,46,1,52,62,49,43,56,65,34,29,53,8,16,19,9,23,55,25,19,70,21,16,18,29,49,48,74,3,27,70,59,39,36,75,74,20,63,32
1,1,1,1,1,1,0,1,1,1,1,0,0,1,1,1,1,1,1,1,1,1,1,1,1,1,0,1,0,1,1,0,1,1,1,1,0,0,1,1
38
21,65,43,18,11,63,50,58,69,50,6,52,33,61,20,65,20,39,10,12,65,57,55,43,38,21,11,36,1,40,26,33,62,61,6,62,69,7
1,0,1,1,1,1,1,1,1,1,1,0,1,1,0,1,0,0,1,1,1,0,1,1,1,0,0,0,0,1,1,0,1,0,1,1,1,1
50
5,62,0,67,30,31,0,34,4,21,47,1,13,15,21,61,21,41,43,21,27,76,60,5,20,28,55,15,26,44,32,35,46,0,76,38,4,71,47,13,12,6,65,4,53,1,46,41,14,7
1,1,1,1,1,1,1,1,1,0,0,1,1,0,0,1,0,0,1,1,1,0,0,1,0,0,1,1,0,0,0,1,1,1,1,0,0,1,0,1,0,1,1,0,1,1,1,1,1,1
43
63,70,63,11,23,26,30,63,10,56,9,15,68,65,60,40,43,23,40,0,70,30,65,59,46,9,14,58,51,46,11,68,45,58,23,53,38,60,60,51,37,70,60
0,0,0,0,0,1,0,0,0,0,0,1,0,1,0,0,1,0,1,0,0,0,0,0,0,1,1,0,0,0,0,0,0,0,0,1,0,0,1,0,1,1,1
38
18,45,9,46,26,30,9,3,6,18,57,42,57,63,53,57,13,3,70,32,32,60,57,37,69,45,12,11,68,43,42,59,57,68,31,42,18,62
1,0,1,1,1,1,0,0,1,1,0,0,0,1,1,0,1,1,0,1,0,1,1,1,1,0,0,0,1,1,0,1,1,0,1,0,0,1
52
43,20,38,24,61,42,66,61,30,1,23,36,57,25,16,75,14,23,0,49,12,7,61,11,27,2,6,31,32,76,41,28,60,48,75,63,23,31,54,18,4,62,43,43,2,24,24,47,31,66,66,37
1,1,1,1,1,1,0,1,1,1,0,1,1,0,1,1,1,0,0,1,1,1,1,1,1,0,0,0,1,1,0,1,1,1,0,0,0,0,0,1,1,1,0,0,0,1,0,0,1,0,0,1
47
38,52,57,64,37,20,46,14,13,35,35,38,53,31,9,64,55,60,70,11,8,40,57,10,74,63,43,42,45,38,23,34,26,65,65,57,76,52,51,31,66,62,70,36,75,18,11
0,0,0,0,1,0,1,1,1,0,1,0,1,1,0,1,1,0,0,1,0,0,0,0,0,0,0,0,0,1,0,1,1,1,1,0,1,1,0,0,0,1,0,0,0,1,0
28
21,66,0,2,57,29,33,73,35,42,63,20,13,51,44,21,14,76,4,66,11,3,28,76,6,66,39,53
1,1,1,1,0,1,0,0,1,1,1,1,0,1,1,1,1,0,1,1,1,1,0,0,0,0,0,1
80
63,46,32,45,12,73,71,35,15,19,10,39,3,34,31,29,41,46,39,27,53,26,28,7,11,38,45,48,15,2,66,71,28,49,42,42,5,62,13,45,56,65,52,59,25,8,73,45,56,65,32,73,32,76,64,27,50,60,22,30,1,53,38,71,23,51,0,12,26,27,40,66,29,12,27,32,36,36,42,74
0,1,0,1,0,1,1,1,1,1,1,1,1,1,1,0,1,1,1,1,0,1,1,1,1,0,1,0,1,1,1,0,0,0,1,0,1,1,0,1,1,0,0,1,1,1,1,1,1,1,0,0,1,1,1,0,1,1,1,1,1,1,1,1,0,1,1,1,1,0,1,1,0,1,0,0,1,0,0,0
44
31,70,46,10,26,56,52,4,0,4,70,57,14,69,63,42,9,6,39,52,18,34,57,34,43,39,31,31,35,57,34,26,2,14,2,33,16,11,16,65,70,69,70,52
1,0,0,0,0,1,0,1,1,0,0,0,1,0,1,1,0,1,0,1,1,0,0,0,0,0,0,1,1,1,1,0,0,1,0,0,0,0,0,1,0,0,0,0
56
15,6,38,17,65,74,36,74,0,9,61,62,44,17,74,69,0,12,40,74,55,51,61,51,43,36,57,18,74,12,44,27,0,61,37,61,21,51,61,44,26,53,74,60,0,11,74,0,55,60,57,13,48,31,20,63
1,1,0,1,1,0,0,0,1,1,0,1,0,1,0,1,1,0,1,0,1,0,0,1,1,1,0,1,0,1,0,0,0,0,0,0,0,0,0,0,1,1,0,1,0,0,0,1,1,1,0,0,0,1,1,1
35
0,59,46,31,53,66,29,55,31,69,29,0,53,15,51,15,55,65,40,22,34,19,37,57,9,42,37,10,10,70,12,51,60,40,20
0,1,1,0,1,0,0,0,1,1,0,1,1,0,0,1,1,1,0,0,0,1,1,0,1,0,1,1,1,0,1,0,1,1,0
48
13,22,52,26,2,52,46,14,15,2,13,46,52,67,64,0,25,43,43,59,21,18,51,14,36,66,60,57,55,67,42,60,52,64,46,30,42,2,30,25,51,26,22,10,18,65,46,72
0,1,0,1,1,0,0,0,1,0,1,0,0,0,0,1,0,1,0,1,0,1,0,0,0,0,0,0,1,0,0,1,0,1,0,0,0,0,0,0,0,0,0,1,1,0,0,0
46
6,65,35,63,49,55,37,59,0,69,36,50,73,36,60,60,35,0,49,37,55,30,57,31,31,38,3,43,51,73,53,60,55,49,0,9,35,13,65,43,18,52,43,75,22,73
1,0,1,1,0,0,1,1,1,0,1,1,0,1,0,0,1,1,0,1,1,0,1,0,1,1,1,0,1,0,1,0,1,0,1,1,1,1,1,1,1,1,1,1,0,0
44
23,53,31,33,55,33,31,43,15,65,11,24,6,14,43,66,45,26,33,43,12,10,20,65,24,35,69,65,33,69,36,45,66,52,14,62,51,20,55,13,69,33,13,56
0,1,1,0,1,0,0,0,0,0,0,0,1,0,0,0,1,1,0,1,0,0,0,1,0,1,1,1,0,0,1,1,0,1,1,0,1,1,0,1,1,0,0,0
42
10,67,0,67,48,31,40,57,6,61,40,51,15,15,9,67,60,57,14,67,7,58,7,50,40,35,63,48,31,15,26,65,50,69,69,11,75,38,64,6,48,0
1,0,0,0,0,1,0,0,0,1,1,0,0,1,0,1,1,1,0,1,1,1,0,0,0,1,0,0,0,0,1,0,0,0,1,1,0,0,1,1,1,0
47
2,73,32,28,64,72,2,74,36,52,59,32,70,57,58,61,25,14,56,24,64,30,41,18,51,10,16,8,28,65,7,57,7,71,50,74,33,40,33,45,70,28,52,22,37,55,7
1,1,0,0,1,1,1,1,1,1,1,0,1,1,0,1,0,1,1,1,1,1,0,1,1,1,0,0,0,1,1,1,1,0,0,1,0,0,1,0,1,0,1,0,1,1,1
25
42,30,55,18,4,40,31,12,14,52,53,31,39,50,17,16,14,6,11,50,56,41,61,31,26
1,0,0,1,0,0,0,0,0,0,0,0,0,0,0,0,1,0,0,1,0,0,1,0,1
12
51,60,63,53,11,18,45,53,40,50,6,51
0,0,0,0,0,0,1,1,0,1,0,0
44
0,24,5,45,42,47,30,25,7,40,39,55,50,22,20,34,15,30,38,19,35,55,36,67,60,10,13,56,66,60,40,66,39,50,20,65,64,66,6,52,24,2,28,60
1,0,0,1,1,1,1,0,0,0,1,1,1,1,0,1,1,1,1,1,0,1,1,1,1,1,0,1,0,1,1,1,1,1,0,1,1,1,1,0,1,0,0,0
18
3,52,47,51,5,26,21,69,56,71,21,18,18,40,24,57,56,71
1,1,0,1,1,0,0,1,1,0,0,0,0,0,0,1,0,0
66
18,9,32,48,38,35,40,9,6,12,51,60,35,31,57,31,47,3,3,5,62,5,35,43,37,18,9,42,40,50,11,65,46,13,46,11,47,40,57,48,60,48,8,35,47,55,43,53,24,59,62,59,9,48,36,13,37,38,13,11,40,52,3,24,60,38
1,1,0,0,1,0,0,1,1,1,1,0,0,0,0,1,1,0,0,0,1,1,1,0,0,0,0,1,1,1,0,1,0,0,1,0,0,1,1,0,0,0,1,1,0,1,1,1,0,1,1,1,1,0,0,1,1,0,0,1,1,1,0,0,0,1
40
70,31,17,25,57,28,66,18,67,39,52,61,76,62,36,55,11,29,68,23,58,7,43,22,25,41,1,57,11,12,48,6,68,30,50,3,18,54,64,72
1,1,0,0,1,0,1,1,1,1,1,1,0,1,1,1,0,1,1,1,0,1,1,1,1,0,1,0,1,1,1,1,1,1,1,1,1,1,1,1
38
42,38,45,70,25,72,60,60,65,57,40,50,60,22,31,65,42,10,27,52,20,71,69,45,61,64,63,59,45,31,75,46,24,53,13,3,2,64
0,1,0,1,1,0,0,0,1,0,1,1,1,1,0,1,1,1,0,0,1,0,1,1,1,0,1,1,1,1,1,1,1,0,1,1,0,0
37
57,36,70,5,64,9,28,26,76,74,23,54,45,34,68,7,15,23,55,31,16,68,32,8,44,37,6,59,42,22,25,57,53,69,68,49,1
1,1,0,0,0,1,1,1,1,1,0,0,1,1,1,0,1,0,1,1,1,0,0,0,0,1,1,0,0,1,0,0,1,1,1,0,1
59
55,12,60,22,30,44,36,36,38,28,10,31,50,18,20,36,45,3,13,68,6,18,42,35,15,63,12,56,22,62,64,60,53,40,55,12,68,36,30,42,20,45,57,31,63,22,20,26,56,44,42,18,62,56,57,30,15,43,68
1,0,0,0,0,0,1,1,0,1,1,1,0,1,0,0,1,1,1,0,1,1,1,0,1,0,0,1,1,0,1,1,0,1,1,1,0,0,0,0,0,0,0,1,1,1,0,1,1,0,0,0,0,0,1,0,0,0,0
62
21,12,47,57,53,57,59,9,0,65,61,46,51,28,20,6,68,12,72,39,47,73,2,56,34,42,50,23,52,51,62,1,26,74,59,67,50,50,21,47,52,17,27,33,37,14,38,22,0,66,28,67,76,57,74,46,51,34,65,28,51,42
0,1,1,1,1,0,1,1,1,1,1,1,0,0,1,1,1,1,1,0,1,0,1,1,1,1,1,1,1,0,1,1,1,0,1,0,1,1,1,0,1,1,0,1,1,0,1,0,1,1,1,1,1,1,0,1,1,1,1,0,1,0
74
61,45,19,66,9,18,50,15,43,39,13,10,43,39,65,6,12,27,7,48,76,19,60,1,38,17,56,29,65,5,48,13,6,65,50,24,65,3,50,7,11,61,60,37,69,58,60,7,14,45,64,9,7,64,50,64,27,43,66,45,50,39,43,39,67,44,55,76,31,52,75,18,38,13
0,0,0,1,1,1,1,1,1,0,1,1,0,0,1,1,1,1,1,0,1,1,1,1,0,0,1,1,0,0,0,1,1,1,0,0,0,1,1,0,1,1,1,1,1,1,0,1,1,0,1,1,1,1,1,1,0,1,0,0,1,0,1,0,0,0,1,0,1,1,1,1,1,0
45
18,43,50,31,35,4,40,52,69,66,65,5,4,4,35,50,23,62,45,36,3,6,42,38,63,22,5,22,52,52,42,11,31,37,57,22,47,13,6,52,35,31,55,43,51
1,1,1,1,0,0,1,0,1,1,1,0,0,1,1,1,0,0,1,1,1,0,1,1,0,1,1,1,0,0,0,1,1,1,0,1,0,1,1,1,1,0,0,1,1
50
63,54,66,42,40,15,6,59,42,53,14,1,50,69,36,40,51,11,11,13,53,15,57,31,52,10,1,50,14,17,9,13,59,13,56,1,59,0,6,37,42,46,18,57,18,25,17,42,57,50
1,1,0,0,1,0,1,1,1,0,1,0,1,1,0,1,0,0,0,0,1,1,0,0,0,1,0,0,1,0,0,1,0,1,1,1,1,1,1,1,0,1,0,1,0,0,0,0,1,0
40
65,9,0,12,53,36,26,35,38,55,31,45,52,69,53,14,35,63,55,9,51,51,6,58,36,43,45,15,53,16,63,53,53,22,10,59,0,46,22,46
1,1,0,1,0,0,1,1,0,0,0,1,0,1,0,1,1,0,1,1,0,0,0,1,0,0,1,0,0,0,1,1,0,0,0,1,1,0,1,1
25
1,57,71,72,5,58,0,40,28,68,13,58,75,68,65,71,72,46,28,55,8,72,64,63,10
1,1,0,0,1,1,1,1,0,1,1,1,1,1,1,0,1,0,0,1,1,1,1,1,1
28
63,69,48,67,68,10,57,35,27,60,45,27,2,64,17,11,23,5,65,23,53,11,17,57,37,3,63,23
0,1,1,1,0,1,0,1,0,1,1,1,1,1,1,0,1,0,1,0,1,1,1,1,0,1,0,0
45
69,10,9,42,46,12,15,23,40,62,10,12,45,43,0,55,23,66,13,17,12,14,45,26,56,53,37,42,43,18,20,60,60,35,62,11,52,35,37,34,9,26,45,13,52
0,1,1,0,1,1,1,0,1,0,1,0,1,0,1,1,1,0,0,0,1,1,0,1,0,1,1,1,0,1,1,1,0,0,1,1,0,0,1,1,0,0,1,0,0
29
15,45,0,64,50,7,1,4,37,4,50,4,41,18,15,18,26,7,63,35,1,10,15,27,12,55,64,2,51
0,0,1,0,1,1,1,1,1,1,1,1,0,1,0,1,1,1,0,1,1,1,1,1,1,1,0,1,1
43
43,35,45,11,43,69,48,52,9,39,18,1,55,43,57,69,3,62,47,15,38,60,22,9,1,28,28,51,0,30,26,63,1,10,1,8,38,42,56,13,52,36,59
0,0,1,1,0,0,0,0,1,0,1,0,0,0,0,1,1,1,0,1,0,0,1,0,0,0,1,1,0,0,1,1,0,0,0,0,1,1,0,1,0,1,1
67
33,35,57,13,16,5,26,60,3,51,34,45,1,67,15,34,29,30,0,54,76,36,64,75,20,24,64,6,38,24,72,29,75,10,37,74,56,46,3,25,32,63,26,27,63,33,29,27,7,15,16,62,25,47,63,54,24,48,59,65,20,23,33,57,23,21,25
1,1,1,1,1,1,1,1,1,1,1,1,1,1,1,1,1,1,0,1,1,1,1,0,1,0,1,1,1,1,1,0,1,0,1,1,0,1,1,1,1,1,1,1,1,1,1,1,1,1,0,0,1,1,1,1,1,1,0,1,1,0,0,1,1,1,1
56
50,28,70,51,62,44,62,2,1,36,54,28,54,51,48,53,16,6,25,54,0,66,26,69,43,70,46,63,44,41,44,47,37,42,36,54,29,22,43,48,74,57,44,15,17,47,65,31,72,14,70,28,43,61,34,9
1,1,0,1,1,0,0,1,1,0,0,1,1,1,0,1,1,0,0,1,1,0,1,1,0,0,0,1,0,1,1,0,1,1,0,0,1,0,0,1,1,0,1,0,1,1,1,1,0,1,0,1,1,1,0,1
29
56,9,29,62,65,2,26,1,44,2,74,48,64,4,71,49,36,57,50,1,61,57,8,22,21,62,44,17,7
1,1,1,1,1,1,1,0,0,1,0,1,1,1,1,0,1,1,1,1,0,1,1,1,0,0,1,1,1
46
63,11,32,24,9,14,16,55,70,22,34,39,70,73,35,64,46,69,31,48,6,29,42,74,18,41,62,37,71,30,7,5,36,52,24,4,34,27,4,27,55,63,1,26,72,62
1,1,0,0,1,1,1,1,0,0,0,1,1,1,1,0,0,1,1,0,1,0,1,0,1,0,1,1,1,1,0,1,1,1,0,0,1,0,1,0,1,1,1,1,1,1
18
9,69,0,38,20,31,65,26,56,21,17,33,52,40,3,23,15,4
1,1,1,1,1,1,1,1,0,0,1,0,1,1,0,0,1,1
59
57,31,22,15,26,10,43,35,37,67,38,52,13,52,35,9,31,59,41,46,57,57,26,65,67,40,18,50,14,13,12,40,34,55,60,42,11,22,37,3,38,14,30,45,50,67,22,14,22,56,53,34,65,55,37,43,50,9,35
0,1,1,1,1,1,1,0,0,0,0,1,0,1,1,1,1,1,1,1,1,0,1,1,0,0,0,1,0,0,0,0,0,1,1,1,1,1,1,1,0,0,0,1,1,1,0,0,1,1,1,1,0,1,0,1,1,0,0
21
4,18,40,4,60,55,15,30,11,4,56,45,69,18,9,34,63,10,9,10,57
0,0,0,0,1,1,1,0,0,0,1,1,0,1,1,0,1,1,0,1,1
39
40,3,64,75,51,10,45,30,30,24,65,75,42,45,62,6,64,57,43,9,3,10,46,35,75,35,45,0,34,56,46,1,50,63,67,39,34,9,53
0,1,1,0,0,1,1,0,1,0,1,0,1,0,1,1,1,0,1,1,1,1,0,0,0,1,0,1,0,1,1,1,1,1,0,1,0,1,1
48
3,40,65,12,31,69,53,60,67,17,64,10,50,0,4,55,51,43,38,3,37,76,47,64,57,67,76,40,67,65,45,64,3,17,47,46,12,10,69,17,31,52,14,74,62,37,36,38
1,0,1,0,1,0,1,0,0,0,0,1,1,1,0,1,0,0,0,1,1,0,0,0,0,0,0,0,0,1,0,0,0,0,0,0,1,1,0,0,0,0,0,0,0,1,1,1
28
3,38,65,19,2,0,3,63,60,53,9,12,40,62,62,63,19,3,23,32,60,31,71,69,3,53,46,47
0,1,1,0,0,1,1,0,0,1,0,0,1,1,1,1,0,0,0,0,1,1,0,1,0,1,0,0
51
18,3,59,26,40,60,51,59,15,14,40,64,5,40,50,59,30,36,73,10,30,0,63,30,18,10,31,73,12,18,26,55,52,59,50,50,55,59,12,43,50,10,60,46,45,50,27,31,60,14,73
0,1,0,1,0,0,0,0,0,0,0,0,0,0,0,0,1,1,0,1,0,1,1,1,0,0,0,0,0,0,1,0,0,0,0,0,0,0,0,1,0,0,0,0,0,0,0,0,1,1,0
38
4,46,4,69,35,30,36,71,56,18,38,43,69,63,69,4,30,69,9,53,3,53,35,3,3,71,4,56,60,5,30,3,13,24,40,46,62,71
0,0,0,0,0,1,1,0,0,1,1,1,0,1,0,0,1,0,1,0,0,0,1,1,1,0,0,0,1,0,0,1,1,0,1,0,1,0
20
56,42,18,69,26,38,6,56,60,12,64,62,53,26,64,57,51,16,29,53
0,0,0,0,0,0,0,0,1,0,1,0,0,0,0,0,0,0,0,0
17
62,60,53,58,31,0,59,6,43,69,14,41,59,56,51,11,9
0,1,1,0,0,0,0,1,1,0,1,0,1,1,1,1,1
18
26,35,42,41,59,41,43,6,29,36,11,57,30,35,63,26,41,30
0,1,1,0,1,0,0,0,0,0,0,1,1,0,1,0,0,1
16
35,40,9,53,64,0,75,50,36,59,50,3,13,22,40,0
1,0,0,0,1,0,0,1,1,1,1,0,0,0,0,1
43
50,75,12,45,29,21,0,7,10,57,67,41,37,42,35,30,17,27,2,6,13,66,74,30,30,37,13,24,7,10,4,42,5,52,57,47,26,64,19,4,17,18,45
1,1,1,1,0,1,1,0,1,1,0,1,1,0,1,0,0,1,1,1,1,1,1,1,1,1,1,0,1,1,1,1,1,1,0,1,0,1,1,1,1,1,0
59
51,42,6,14,22,26,30,59,51,52,5,67,63,11,5,51,1,6,55,66,10,63,26,22,18,76,35,51,15,37,0,68,46,31,43,46,68,10,62,26,39,53,0,11,33,32,42,18,31,33,64,9,63,5,55,39,30,63,65
1,1,1,0,1,1,1,0,1,0,0,1,1,1,0,1,1,1,1,1,0,1,1,1,1,0,1,1,1,1,1,0,0,0,0,0,0,1,1,1,0,1,0,1,0,0,0,1,1,1,0,0,0,1,1,0,0,0,0
60
65,45,12,59,55,71,53,59,60,26,46,43,26,42,9,60,62,47,59,45,47,11,48,65,11,0,18,71,45,10,56,53,62,20,22,38,11,20,31,71,46,42,42,60,56,2,55,10,45,10,47,40,54,14,9,3,28,45,54,66
1,1,1,0,1,1,1,0,0,1,0,1,1,1,1,1,1,1,1,1,0,1,0,0,1,1,1,0,0,1,0,0,0,0,1,1,1,0,0,0,1,0,1,1,1,0,0,1,0,0,0,1,0,1,1,0,1,1,0,0
44
53,22,45,50,74,2,42,23,74,8,35,43,5,74,60,13,64,59,23,38,35,74,28,14,61,12,18,40,61,45,5,67,0,45,69,23,19,14,63,28,65,41,74,42
1,1,1,1,0,0,0,1,0,1,0,0,0,0,1,1,1,1,1,1,1,0,0,0,0,1,1,1,0,0,0,1,1,1,0,0,0,1,1,0,0,0,1,1
33
40,38,53,64,67,67,6,66,9,61,8,9,9,30,43,4,46,34,22,61,0,12,51,72,45,36,42,7,37,54,45,65,35
1,1,1,1,0,1,1,0,0,0,1,0,1,1,1,0,1,1,1,0,1,0,1,0,1,1,1,1,1,1,1,1,1
80
64,63,72,16,34,35,13,22,41,68,18,49,10,28,39,32,32,49,11,55,29,63,55,26,34,5,43,60,44,25,14,8,40,20,10,56,36,45,61,72,0,4,60,73,70,38,6,43,24,62,19,17,16,60,9,72,0,45,39,24,14,9,26,57,10,20,23,33,57,45,49,59,70,15,20,43,16,73,50,68
1,0,1,0,1,1,1,1,1,1,1,1,1,1,0,0,1,1,1,0,1,1,1,1,0,0,1,0,1,1,1,1,1,0,1,1,1,0,1,0,0,1,1,0,0,1,1,1,1,1,1,0,0,1,1,1,1,1,0,1,0,1,1,0,1,0,1,1,1,1,1,1,1,1,0,0,1,1,1,1
37
30,45,23,9,50,1,60,14,41,12,23,51,42,53,3,12,1,59,45,36,1,7,23,43,50,63,59,35,17,66,32,36,59,57,38,52,41
1,0,0,1,1,1,0,0,0,0,0,0,1,1,1,1,0,1,1,0,1,0,0,1,0,0,0,0,0,0,0,1,0,1,1,0,0
30
56,10,23,12,60,14,12,12,25,31,60,15,69,38,23,15,1,46,36,35,59,56,13,12,3,52,25,64,62,23
1,1,0,1,1,0,0,1,0,0,0,1,1,0,1,1,1,1,1,1,1,1,1,1,1,0,0,1,1,0
72
50,11,53,30,17,72,69,62,69,51,22,42,22,36,22,30,4,48,26,34,11,60,35,6,24,4,64,48,15,42,38,51,69,13,9,17,18,45,4,65,65,59,24,50,25,52,72,40,59,19,62,35,0,43,51,12,36,69,2,41,18,35,24,4,48,41,10,18,52,52,3,6
1,0,1,1,0,0,1,0,1,0,1,1,0,0,1,1,0,0,1,0,1,0,1,1,0,0,1,0,0,0,1,0,0,0,1,0,0,1,0,0,1,0,0,1,0,1,0,1,1,0,1,0,1,0,1,0,0,1,0,0,0,0,0,0,1,0,0,0,0,0,0,0
38
11,37,30,38,62,6,15,65,57,36,30,53,60,15,19,55,50,12,60,11,0,15,36,56,19,60,51,56,12,36,38,57,57,60,50,10,12,46
1,0,1,0,0,0,0,0,0,1,1,1,0,0,0,1,0,1,0,1,0,0,1,0,0,1,0,1,1,1,0,0,0,1,1,1,1,1
43
0,9,15,38,46,37,57,10,42,3,65,7,47,46,1,30,6,68,14,28,2,59,32,18,43,8,66,4,27,35,15,2,35,35,8,27,8,60,4,67,34,3,42
1,1,1,1,1,1,1,1,0,1,1,1,1,1,1,1,1,0,1,1,0,1,1,1,1,1,0,1,0,1,0,0,1,1,0,0,0,0,1,0,0,1,1
15
53,13,64,59,15,13,60,10,6,76,15,28,76,53,50
1,0,0,1,0,1,0,1,1,0,1,1,1,0,1
43
64,14,47,42,13,51,18,55,46,13,14,10,53,35,53,64,57,31,46,37,30,51,36,55,66,37,40,13,51,13,38,45,57,57,45,0,50,22,43,12,69,62,55
0,1,0,0,1,0,1,0,0,0,0,1,0,1,1,1,0,1,0,0,0,0,0,0,0,1,1,0,0,0,0,0,0,1,1,0,1,0,1,0,1,1,0
27
27,30,33,33,64,75,65,57,16,60,7,34,32,41,18,12,32,57,1,65,76,47,27,42,56,7,62
1,1,0,1,1,1,1,1,0,1,1,0,0,1,0,1,0,1,1,1,1,1,0,0,1,1,0
43
70,9,55,64,12,15,18,13,56,45,13,0,6,50,13,57,48,50,15,47,63,12,57,48,48,11,30,50,18,48,37,13,37,47,15,53,31,46,36,43,12,74,30
1,0,1,1,1,1,0,0,1,1,0,1,0,0,1,0,0,1,0,1,0,1,0,0,0,0,1,1,1,0,0,1,0,0,0,1,0,1,1,1,0,1,0
49
15,50,15,15,45,49,64,43,26,11,12,44,37,35,53,19,69,63,35,22,76,36,6,10,62,36,69,3,65,60,57,10,65,6,22,52,35,38,63,63,42,59,11,52,51,43,31,15,52
0,1,0,1,1,0,1,0,0,1,1,0,1,0,1,0,0,1,1,0,0,1,1,1,1,1,1,1,1,1,1,0,1,0,0,0,0,0,0,1,1,1,1,0,0,1,0,0,1
37
9,13,50,10,40,3,69,10,15,31,55,43,60,17,17,13,63,0,62,54,72,37,36,56,21,37,60,56,3,18,18,10,14,55,50,65,6
1,1,1,0,0,0,1,0,0,0,1,1,1,0,1,1,1,1,1,1,0,0,1,1,0,1,0,1,1,0,1,1,1,0,0,0,0
40
71,29,51,43,39,45,35,16,45,28,50,51,0,46,62,65,9,63,30,38,22,64,45,57,62,40,28,14,21,25,59,64,26,63,39,43,9,16,14,15
0,0,0,0,0,0,1,0,0,0,1,1,0,1,0,0,0,0,0,1,0,1,0,0,1,1,0,0,0,0,0,1,0,0,0,0,1,1,0,1
52
18,46,14,12,57,22,40,37,45,15,9,18,42,36,51,42,46,14,75,75,9,9,75,71,52,64,4,30,10,42,42,69,8,60,46,42,50,6,64,40,69,70,65,6,18,42,11,46,63,26,40,71
1,1,1,0,1,1,1,1,1,1,1,0,0,1,1,0,0,1,0,0,1,1,0,0,0,1,0,0,0,0,0,0,1,0,1,0,0,0,0,1,1,0,1,1,1,0,1,0,1,1,0,0
48
43,3,46,35,9,26,30,46,46,3,50,57,64,64,42,9,65,0,31,40,62,8,31,12,40,69,64,17,57,36,53,18,76,43,13,22,65,43,57,64,31,18,30,51,30,44,53,60
0,0,0,1,0,1,1,0,0,1,0,1,0,0,1,1,1,1,0,1,1,1,1,1,0,0,1,0,0,1,0,0,0,0,1,1,1,0,1,1,1,1,1,1,1,1,1,1
62
6,37,36,18,59,30,22,71,11,37,69,76,60,55,64,22,46,36,66,13,14,56,40,56,48,26,5,35,55,15,66,63,48,37,23,6,50,9,3,48,35,3,65,40,37,9,14,15,31,9,48,37,57,42,37,3,57,71,62,68,37,10
1,1,1,1,1,1,0,1,1,0,1,1,1,0,1,1,1,1,0,1,1,1,1,1,0,0,1,1,1,1,1,1,0,1,1,1,1,1,1,0,1,0,1,1,0,1,1,0,0,1,0,0,0,1,0,1,1,0,1,0,1,0
45
46,26,51,43,9,18,53,61,35,53,10,6,31,11,25,31,51,25,59,46,40,3,40,55,14,14,57,22,55,57,11,18,76,60,3,53,25,52,25,26,39,13,18,50,43
1,1,1,1,1,0,1,0,1,1,1,1,0,0,0,1,0,0,0,1,1,0,1,0,0,0,0,1,0,0,0,0,0,0,1,0,0,0,0,0,1,1,1,0,0
47
36,60,3,26,14,31,11,6,13,11,36,50,60,38,37,57,43,53,3,37,9,55,31,22,46,63,22,10,14,42,43,12,6,0,69,18,69,14,56,60,60,32,3,40,22,31,21
1,1,0,1,1,1,0,1,0,0,1,1,1,1,0,1,1,1,0,1,1,1,0,1,0,1,1,1,0,0,1,0,1,1,1,1,1,0,0,0,1,1,0,0,0,0,0
49
16,25,68,46,38,31,42,7,26,43,53,19,24,71,45,3,17,37,65,24,6,9,12,0,23,46,16,10,65,17,16,60,11,23,60,24,76,15,7,36,0,56,60,13,43,71,37,7,45
0,1,0,1,0,1,0,1,0,1,1,1,1,1,1,0,0,1,1,0,1,1,1,1,1,1,0,1,1,1,0,0,1,0,0,0,0,1,0,1,1,1,1,1,1,1,1,1,1
27
60,62,27,64,45,43,42,46,18,51,45,50,9,63,51,15,60,71,26,42,51,32,12,13,71,51,0
1,1,0,1,1,1,0,1,1,0,1,1,1,0,0,0,1,0,0,1,0,1,1,1,0,0,0
42
0,55,57,42,15,0,69,6,14,60,50,69,18,38,64,64,52,30,9,52,69,10,52,56,45,69,42,0,52,36,56,12,40,25,42,59,57,45,0,42,25,63
1,0,1,0,1,1,0,0,1,1,1,0,1,1,0,1,0,0,1,0,0,1,0,0,0,1,0,1,1,1,1,0,1,0,0,0,0,1,1,0,0,1
57
19,58,10,20,67,31,20,3,26,61,32,3,71,73,1,19,56,65,38,42,60,60,32,51,7,19,7,51,65,30,7,14,72,32,70,56,75,72,27,19,0,6,40,56,0,1,71,37,57,58,67,5,6,10,51,70,15
1,1,0,1,0,1,1,1,1,0,0,0,0,0,1,1,1,1,1,0,0,1,0,0,0,0,0,1,1,1,1,1,1,0,1,0,1,0,0,0,1,0,0,0,0,0,0,1,1,0,0,0,1,0,0,0,1
53
60,43,38,0,51,43,9,0,62,57,58,12,3,0,76,51,0,6,0,9,26,35,0,35,59,21,26,51,65,52,43,65,9,9,55,65,18,59,12,0,58,53,65,22,69,18,57,58,63,50,64,4,76
1,1,1,0,0,1,1,0,0,0,0,0,0,0,0,0,0,1,0,0,0,0,0,0,0,1,0,1,0,1,0,0,1,1,1,0,0,0,0,0,1,0,1,1,0,1,0,0,1,0,1,0,0
28
40,38,52,39,62,16,24,74,64,36,4,73,39,27,27,49,31,45,47,38,73,14,40,19,57,55,49,64
1,0,1,1,1,1,1,1,1,1,1,1,0,1,1,0,1,1,0,1,1,1,1,0,0,1,0,1
52
61,14,43,38,62,18,42,48,44,15,44,9,55,35,24,56,26,15,31,38,73,1,55,1,37,30,9,37,53,73,24,53,43,53,11,60,69,46,24,50,53,63,24,26,24,6,0,6,0,37,24,55
0,1,1,0,1,1,0,0,0,0,0,0,1,1,0,1,0,0,1,0,0,0,0,0,0,1,1,0,0,0,0,0,0,0,1,0,0,1,0,1,1,0,0,1,0,1,0,0,0,1,0,0
32
30,26,38,36,40,41,13,45,40,26,30,43,32,32,60,58,60,51,10,50,11,69,51,52,36,64,63,6,60,65,74,58
1,1,0,0,1,0,0,0,1,1,0,0,0,1,0,0,1,1,1,0,0,0,0,0,0,0,1,1,0,1,0,0
31
30,12,67,20,57,57,46,57,46,23,0,15,15,18,37,57,15,59,50,38,57,58,46,0,0,15,46,57,11,18,50
1,1,0,0,1,0,1,0,1,0,1,0,0,0,0,0,0,0,1,1,0,0,0,1,1,1,1,0,1,0,1
72
10,54,74,75,20,60,65,6,45,30,4,44,66,60,26,33,14,27,12,64,37,49,4,11,36,56,37,76,3,52,8,63,65,26,66,53,57,19,19,48,1,54,54,13,59,37,45,69,57,42,6,54,60,47,65,0,15,75,43,44,43,33,45,49,14,18,51,4,3,53,65,57
1,0,1,0,1,1,1,1,1,1,1,0,0,1,1,0,1,1,1,1,0,0,0,1,1,1,0,0,1,0,0,1,0,0,1,1,1,1,1,1,1,1,0,1,1,1,0,1,1,1,1,0,1,1,1,1,0,1,1,1,1,0,0,0,0,1,1,0,1,1,1,1
64
70,25,16,7,63,46,52,8,0,75,26,70,53,64,60,7,12,36,8,49,51,49,70,21,57,46,60,60,58,45,6,55,43,63,2,51,65,2,34,40,70,18,15,23,55,68,0,53,68,7,43,36,20,29,72,74,33,13,65,68,62,38,26,29
1,1,1,0,1,0,0,0,0,0,1,0,1,1,1,1,1,1,1,0,0,1,1,0,0,1,0,1,1,1,0,1,0,1,0,1,1,1,1,1,1,1,0,0,1,1,1,1,1,0,1,0,1,1,0,0,1,1,1,1,0,1,0,0
16
46,47,6,45,3,40,47,47,22,69,12,12,14,9,38,46
0,0,1,0,0,0,0,0,1,0,0,1,1,1,1,0
63
71,73,39,22,42,44,18,49,15,60,20,63,76,75,7,5,55,65,49,21,6,19,53,43,49,61,28,44,3,61,46,15,49,15,56,31,47,60,30,41,12,25,24,22,24,67,12,40,37,75,47,30,55,14,44,60,1,5,60,60,32,41,16
1,0,1,0,1,1,1,0,1,1,1,1,1,0,0,1,1,1,0,0,1,1,0,1,0,0,1,1,1,1,1,1,1,1,1,1,1,1,0,0,1,0,0,1,1,1,1,1,1,0,1,1,1,0,1,0,1,0,1,0,0,0,1
23
5,30,59,11,71,36,53,40,9,12,48,37,4,31,5,75,5,26,11,13,60,63,12
1,0,1,0,0,1,0,0,0,0,0,0,0,1,0,0,0,1,0,1,0,0,0
61
51,22,70,63,40,50,8,38,14,49,12,61,57,20,68,55,60,8,18,9,9,9,38,67,1,20,5,14,20,46,63,3,2,0,69,27,13,11,13,62,0,56,20,42,5,30,54,8,63,38,36,59,63,30,8,64,15,20,46,2,32
1,0,1,0,1,1,0,1,1,0,1,0,1,1,1,1,0,0,1,0,0,1,0,1,0,0,0,1,0,1,0,1,1,1,1,1,1,0,1,0,1,1,1,1,1,1,1,0,0,1,1,0,0,1,1,1,1,0,1,0,1
71
45,33,53,11,69,55,0,67,69,60,31,35,43,33,26,22,26,67,3,51,33,40,19,50,38,30,11,44,14,51,41,0,13,29,12,66,55,0,30,30,45,50,19,26,33,55,41,67,45,55,12,13,1,33,56,29,29,46,46,65,0,62,11,62,12,50,51,52,1,55,53
1,0,0,1,1,1,0,0,1,1,1,1,1,0,1,1,0,0,1,1,0,1,0,1,1,0,0,0,1,0,0,0,1,0,0,0,0,0,0,0,0,1,0,1,0,0,1,0,1,0,0,1,0,0,1,0,0,0,0,1,1,0,1,0,1,0,1,0,0,1,0
41
73,58,12,50,22,6,21,42,19,5,40,40,75,1,4,44,31,34,30,45,35,63,52,75,47,18,66,47,58,21,18,29,34,5,54,55,65,61,67,76,6
1,0,1,1,0,1,1,1,0,0,1,1,1,1,1,1,0,1,1,1,1,0,1,0,1,1,1,1,1,0,1,1,0,0,0,0,1,1,1,1,1
58
57,13,15,69,50,46,64,11,51,62,55,11,53,62,63,15,18,49,43,55,55,51,53,42,65,2,35,9,52,22,46,50,75,3,19,2,8,75,75,43,49,7,10,43,38,37,75,3,43,42,15,36,69,75,46,67,0,7
1,1,0,0,1,1,1,1,1,1,0,0,0,1,1,1,1,0,1,0,1,1,1,0,1,0,1,1,0,0,0,0,0,0,0,1,0,0,0,0,1,1,1,1,1,0,0,1,1,1,1,1,0,1,1,1,1,1
64
31,55,62,26,12,62,9,44,14,56,63,48,64,10,59,10,3,35,18,10,14,10,48,55,69,0,57,33,36,55,48,18,13,65,58,31,37,59,36,32,12,32,18,45,65,12,31,10,55,72,69,32,6,32,56,56,32,30,14,22,69,55,12,50
0,1,0,1,0,1,1,0,1,1,0,1,1,0,1,0,1,1,1,0,1,1,0,0,0,0,0,1,1,0,0,0,0,1,0,1,0,1,0,0,1,0,1,0,0,1,1,0,1,0,0,0,1,1,0,1,1,0,1,1,0,0,0,0
51
52,72,53,42,22,11,37,72,50,56,11,51,34,51,9,51,42,3,38,35,0,12,46,76,62,11,11,3,38,21,14,22,24,26,57,24,46,45,9,62,11,24,59,69,52,24,26,63,8,38,64
0,0,0,0,0,0,0,1,1,1,0,0,0,1,1,0,1,0,0,0,1,0,0,0,0,0,0,1,1,0,1,0,0,1,1,0,0,1,0,1,0,0,0,0,1,0,1,1,0,0,0
17
31,48,50,37,20,10,26,64,69,66,48,12,59,18,33,31,43
0,0,0,1,0,1,0,0,0,0,0,1,0,1,0,0,1
50
37,55,37,7,55,40,42,24,37,50,3,3,55,53,12,37,42,37,55,52,9,49,31,43,62,18,61,42,36,16,57,54,16,14,6,36,52,11,31,11,26,69,42,57,51,55,55,14,52,21
0,0,0,0,1,1,0,1,1,1,1,1,1,1,1,1,0,0,0,0,0,1,0,1,0,0,0,1,0,0,0,0,0,0,0,0,0,1,0,1,1,1,0,0,1,1,0,1,1,0
39
66,39,26,56,15,72,54,7,68,21,71,12,26,47,8,15,0,13,64,67,8,14,50,65,66,46,57,6,31,47,17,54,67,9,8,50,38,74,47
0,0,1,0,0,1,1,1,1,1,1,1,1,1,1,1,1,1,1,1,0,1,1,1,1,1,1,1,0,0,0,1,1,1,1,1,0,0,0
33
69,46,62,7,67,60,50,71,35,36,2,26,5,14,18,57,37,63,12,57,14,38,43,51,15,74,57,74,37,64,0,68,29
1,1,1,1,1,0,0,1,1,1,0,1,1,1,1,1,1,1,1,1,1,1,1,1,0,0,1,0,0,1,0,0,0
26
46,60,56,40,35,51,42,45,9,38,64,15,26,7,32,3,23,62,31,23,63,50,46,36,7,7
1,0,1,1,1,1,1,1,1,1,0,1,1,0,0,0,0,0,0,0,1,0,0,1,0,0
28
66,50,38,48,10,68,34,46,23,35,5,32,23,49,73,65,23,25,41,4,59,60,1,11,58,12,10,70
1,1,1,1,1,1,0,1,1,1,1,1,1,0,1,1,0,1,1,1,1,1,1,1,1,1,0,0
27
52,39,50,11,38,22,15,71,13,43,31,10,42,55,0,6,57,52,72,37,26,8,28,55,62,35,39
0,0,1,0,1,1,0,0,1,1,1,1,1,1,1,1,1,1,1,1,1,0,1,1,0,1,0
21
53,18,38,34,15,46,37,10,62,15,69,18,59,38,38,58,9,4,36,51,51
1,0,1,0,0,0,0,1,0,0,0,1,0,1,1,0,1,0,0,0,0
38
45,15,15,7,56,0,10,37,53,39,59,32,12,52,30,14,30,32,41,15,34,37,31,46,60,15,9,40,40,30,54,27,39,0,51,39,53,6
1,1,0,1,1,0,0,1,0,0,0,1,1,0,1,1,1,0,0,0,0,1,1,1,1,1,1,0,1,0,1,0,0,1,0,0,1,1
67
37,59,32,58,61,1,6,40,42,4,17,56,2,74,59,3,55,34,70,10,8,18,62,7,37,47,39,25,13,12,59,20,65,55,38,25,4,20,19,63,59,23,31,26,3,59,38,27,8,66,22,69,67,61,26,17,31,20,25,18,70,29,60,28,16,57,5
1,1,1,1,0,1,1,1,1,1,1,1,1,1,1,0,1,1,0,1,1,1,1,1,1,1,1,1,1,1,0,0,1,1,0,1,1,0,1,1,1,1,1,1,1,0,1,1,0,0,1,1,1,1,1,0,1,1,1,1,1,1,1,1,1,1,1
53
60,3,43,34,36,11,12,43,22,55,25,42,22,12,53,3,9,66,50,6,62,53,0,5,22,6,22,25,25,10,42,26,15,53,40,63,37,5,31,22,56,7,38,6,52,7,36,70,5,9,52,69,36
0,1,0,0,1,1,1,1,0,1,0,0,0,1,1,1,1,0,0,1,1,0,0,1,1,0,1,0,1,1,0,1,1,1,1,1,1,0,0,1,1,1,0,1,0,0,1,0,0,0,0,1,0
47
60,37,38,40,69,8,50,65,73,59,40,56,29,10,73,62,12,36,43,38,8,73,35,42,69,37,26,59,35,37,70,73,3,40,59,3,64,69,11,38,38,0,37,15,53,69,1
1,1,0,1,1,1,1,1,1,1,0,1,0,1,0,1,1,0,1,0,0,0,1,0,0,0,0,0,0,0,0,0,0,1,1,1,1,0,0,0,0,0,0,0,1,1,1
61
30,76,65,35,22,15,54,61,10,67,39,26,22,55,3,58,0,30,44,23,25,16,38,58,50,11,30,43,53,46,52,69,52,58,27,41,15,19,8,1,48,33,31,47,34,50,25,59,58,31,53,70,37,56,59,39,71,20,60,42,69
1,1,1,1,1,1,1,1,1,1,1,1,1,1,0,1,0,0,1,1,0,1,0,0,0,1,1,1,1,1,1,1,1,1,1,0,0,1,1,1,1,1,1,0,1,1,1,1,1,1,1,1,1,0,1,0,1,0,1,1,1
21
13,13,69,11,11,38,25,11,46,59,40,14,0,40,40,43,40,59,26,57,45
0,1,1,0,0,0,0,0,0,0,0,0,0,0,0,0,0,0,0,0,0
51
57,50,35,64,36,55,3,43,55,31,0,18,9,31,36,75,57,60,63,51,50,31,45,60,24,46,27,36,60,60,75,63,45,0,9,9,27,24,18,36,42,22,75,58,72,31,40,63,56,1,65
1,1,1,1,1,0,1,1,1,0,1,0,1,1,0,0,1,0,1,1,0,0,1,0,0,0,0,1,0,0,0,0,1,0,1,1,0,0,1,1,1,1,1,1,0,0,1,0,1,0,0
75
37,50,9,57,19,46,15,57,15,15,27,38,18,35,52,27,36,43,24,1,19,34,38,55,37,14,15,12,19,22,19,23,44,55,52,45,9,34,30,22,24,0,60,9,23,23,38,43,43,40,14,14,46,4,55,24,38,31,9,24,67,24,13,23,37,14,6,31,63,51,24,60,69,18,37
1,1,0,0,0,1,1,1,0,1,0,0,1,1,0,1,0,0,0,1,0,0,0,0,0,0,1,0,0,0,0,0,1,1,1,0,0,0,1,1,0,1,0,1,0,0,0,0,1,1,1,1,0,1,0,0,1,1,1,0,0,0,0,0,0,1,1,1,1,0,1,1,1,1,1
43
59,57,18,15,3,38,57,67,13,26,13,10,0,38,68,11,10,14,67,0,52,14,51,67,68,65,24,15,53,37,68,40,62,68,56,68,9,37,36,67,59,22,67
0,0,0,0,0,0,1,0,1,1,0,0,0,0,0,1,1,1,0,1,1,1,0,0,0,1,1,0,1,0,1,0,1,0,0,0,1,1,0,0,0,0,0
45
3,2,1,0,33,14,25,32,40,64,12,53,48,58,49,48,51,2,45,33,57,53,1,36,65,33,18,23,62,7,8,59,46,24,55,39,70,14,60,25,4,2,26,75,43
1,1,0,1,1,1,0,1,1,1,1,0,0,0,1,0,1,0,1,1,1,1,1,1,1,0,1,1,1,1,0,1,1,1,1,1,1,1,0,0,1,0,1,1,0
49
1,46,56,0,14,12,28,40,32,58,28,11,33,5,30,38,33,21,7,58,42,75,23,26,62,51,15,61,18,46,10,40,25,52,45,30,20,57,39,13,60,39,31,38,10,70,4,8,66
1,0,1,1,1,1,1,1,1,0,1,1,1,1,1,1,1,1,0,1,1,1,1,1,1,1,1,0,1,1,1,1,1,1,1,1,1,0,1,0,1,1,1,1,0,1,1,0,0
45
70,52,11,49,58,38,60,17,74,18,66,35,47,8,32,19,16,45,62,17,61,21,17,16,74,63,70,14,17,37,72,32,50,70,3,60,42,20,55,4,9,59,9,43,2
1,1,1,0,1,1,1,0,0,1,1,1,0,1,1,1,1,1,1,0,1,0,0,1,1,1,0,1,1,1,0,1,0,0,1,1,0,0,1,1,1,1,1,0,1
43
42,59,0,63,75,56,45,13,4,59,42,59,60,15,76,37,76,3,60,65,16,62,76,36,16,75,13,11,12,50,15,37,14,38,57,56,41,55,43,69,53,9,10
0,1,0,1,1,1,1,1,1,0,1,1,1,1,0,0,1,1,0,1,0,1,0,0,0,0,1,1,1,1,0,1,0,1,1,1,0,1,1,1,1,1,0
29
2,64,56,42,62,30,53,3,7,37,10,51,60,37,60,52,30,63,15,65,40,46,36,15,37,6,9,43,57
0,1,1,1,1,1,0,1,0,0,1,1,1,1,1,1,1,0,1,1,1,0,0,1,1,1,1,0,0
46
26,55,36,0,26,14,39,42,59,26,45,6,12,47,57,52,47,36,9,10,62,36,59,26,11,3,36,72,36,55,36,36,57,39,59,11,26,43,22,65,43,55,12,6,35,59
0,1,0,0,0,1,0,1,0,0,1,1,1,0,0,0,1,0,1,0,0,0,1,1,0,0,1,0,0,0,0,1,1,0,0,1,1,0,0,1,0,0,0,0,0,0
40
4,6,32,56,11,62,48,13,52,57,59,37,32,59,52,35,14,64,10,60,65,53,11,61,46,27,38,15,56,22,27,15,49,8,12,22,67,35,3,39
1,1,0,1,1,1,0,1,0,1,1,1,1,0,1,1,1,1,1,1,1,0,1,0,0,0,1,0,1,0,0,1,0,1,1,1,0,0,1,0
30
26,57,36,48,18,40,32,46,15,68,58,55,22,47,10,67,30,17,35,42,60,72,37,48,62,57,2,44,20,66
1,1,1,0,1,1,0,1,1,0,1,1,1,1,0,0,1,1,1,0,1,1,1,1,1,1,0,0,1,1
47
42,46,60,3,52,57,18,6,9,62,46,36,59,13,46,21,29,55,47,62,34,46,64,21,34,36,52,65,56,10,46,47,47,26,65,52,59,52,26,46,42,37,29,31,31,52,43
0,1,0,1,1,0,0,0,0,1,0,1,0,1,1,0,0,1,0,0,0,0,0,0,0,1,0,0,1,1,0,0,0,1,0,0,0,0,1,0,1,1,0,0,0,0,1
55
12,42,6,33,42,36,42,63,62,68,38,15,30,53,11,57,54,31,33,63,14,54,14,15,43,33,59,21,42,4,68,57,49,33,11,68,31,60,30,30,11,9,6,38,38,31,33,38,10,23,23,62,63,68,56
1,0,1,0,1,1,1,1,0,0,0,1,1,0,1,1,0,0,0,0,1,0,1,0,0,0,1,0,1,0,0,0,0,0,0,0,0,1,0,1,0,0,0,0,1,0,1,0,0,1,0,1,1,0,0
35
12,1,66,0,18,61,12,46,30,66,1,63,38,22,1,1,12,22,52,20,61,22,37,63,43,1,6,64,22,0,62,52,7,10,12
0,0,0,0,0,0,0,0,0,1,0,0,0,0,0,0,0,0,0,0,0,0,1,0,1,1,0,0,0,1,1,0,0,0,1
43
74,57,39,55,67,60,12,69,76,27,17,55,63,21,67,73,55,23,29,44,24,30,38,37,42,28,18,11,46,57,24,0,61,29,54,73,64,28,7,60,10,51,43
1,1,0,1,1,1,1,1,0,0,1,1,1,0,0,0,1,1,1,0,0,1,1,1,1,0,1,1,0,1,1,1,1,0,1,0,1,0,0,0,1,0,1
75
52,32,10,12,14,33,3,37,62,53,38,7,60,42,20,69,51,30,46,11,31,14,36,58,72,6,36,53,20,17,69,44,7,75,55,69,36,72,26,14,65,10,74,21,18,51,32,35,62,2,13,44,67,38,57,52,36,65,75,33,75,52,38,59,1,73,53,71,25,36,23,38,51,60,6
1,1,1,1,0,1,1,1,1,1,1,0,1,1,0,0,0,1,0,0,1,1,0,1,1,1,0,1,1,1,1,0,1,1,1,1,1,1,1,1,1,1,1,1,1,1,1,1,1,1,1,1,1,0,0,0,1,1,0,1,1,1,0,0,0,0,0,0,0,1,0,0,1,0,1
23
56,59,22,53,31,0,22,50,36,65,19,29,37,31,73,14,0,62,15,57,12,37,0
1,1,1,1,1,0,1,1,1,1,0,0,0,0,0,0,0,0,0,1,1,0,0
69
13,3,22,46,40,52,31,55,59,48,60,48,64,48,55,45,15,48,43,30,64,32,38,17,0,48,32,15,57,11,38,31,59,69,11,35,38,40,14,50,50,40,15,32,46,65,40,10,12,30,43,11,17,17,59,56,17,57,60,0,45,35,59,56,40,9,40,45,0
1,1,1,0,1,1,1,0,0,0,1,0,1,0,1,1,1,0,0,0,1,0,1,1,0,0,0,0,0,0,0,0,0,1,1,1,0,0,1,1,1,1,1,0,0,1,0,0,1,1,1,0,1,0,0,0,1,1,0,1,0,1,0,1,0,1,0,0,0
32
69,30,15,62,8,53,55,29,45,57,64,25,52,52,25,19,10,57,66,60,31,3,26,50,61,56,26,27,50,3,29,9
1,1,0,1,0,0,0,0,0,0,0,0,0,0,0,0,0,0,0,1,0,0,0,1,0,0,1,0,0,1,0,0
55
38,35,43,31,13,68,40,36,50,0,65,47,21,10,20,9,45,3,23,39,15,21,24,5,19,22,41,56,39,62,10,28,30,44,22,45,10,46,27,12,8,6,42,10,43,9,35,2,8,51,68,62,8,45,18
1,0,0,0,1,0,1,1,1,1,1,0,0,1,1,1,0,1,1,1,1,0,0,1,0,1,0,1,1,1,0,0,1,0,1,1,1,1,0,1,1,1,0,1,0,0,1,1,1,1,0,0,1,0,1
49
63,46,39,69,14,37,61,12,39,52,9,11,63,50,43,50,30,57,50,53,55,61,31,30,39,65,42,6,53,67,14,7,44,37,26,35,42,0,59,18,59,29,61,11,29,50,52,11,8
1,0,0,1,0,0,1,1,0,0,1,1,1,1,1,1,0,1,0,1,1,0,1,1,0,1,0,0,1,0,1,0,0,1,0,1,1,1,0,1,1,0,0,0,0,0,1,1,0
28
46,49,9,15,63,38,22,75,45,49,50,39,0,49,26,40,59,5,5,37,21,3,36,26,30,19,40,59
1,0,0,0,1,0,1,0,1,0,0,0,1,1,1,0,0,0,0,1,0,1,0,1,1,0,0,1
66
19,55,72,45,70,11,43,44,13,21,53,7,74,8,42,27,43,19,2,36,51,34,31,67,22,59,6,75,69,31,16,71,21,76,6,55,3,26,72,10,33,46,71,21,65,2,70,71,72,31,23,16,52,50,59,0,35,62,75,40,75,74,50,21,65,41
1,1,1,1,1,1,1,0,1,0,1,1,1,1,1,0,1,1,1,1,1,1,1,0,1,1,1,0,1,0,0,0,1,1,1,0,1,1,0,1,0,1,0,0,0,0,0,1,1,1,0,0,0,0,1,1,1,1,0,0,1,0,1,0,1,0
28
64,65,13,70,6,6,11,74,65,51,36,70,52,59,55,6,51,14,16,55,50,55,11,14,11,53,9,52
0,0,1,0,1,0,0,0,1,0,0,0,1,1,0,1,0,0,0,0,1,0,0,1,0,0,1,1
79
60,25,72,6,37,11,21,63,18,67,41,50,38,41,42,32,16,19,9,71,45,57,68,57,2,24,43,27,56,8,48,64,42,1,57,68,33,12,63,72,41,5,58,0,37,58,45,49,32,6,74,57,8,63,27,59,75,15,76,5,23,67,45,32,3,31,33,48,48,53,8,13,51,69,23,37,22,37,15
1,0,1,1,1,1,1,1,1,1,0,1,1,1,1,0,1,1,1,1,0,1,0,1,1,1,1,0,0,0,1,1,1,1,1,1,1,1,1,1,0,1,0,1,0,1,1,1,0,1,1,0,0,1,0,1,1,1,1,1,0,0,1,1,1,1,1,0,0,1,1,1,1,1,0,1,0,0,1
43
50,15,57,40,69,29,18,14,63,38,52,10,50,9,62,63,63,14,0,20,71,11,3,56,55,39,53,75,75,46,15,59,36,9,57,63,46,15,59,28,28,39,18
0,1,1,0,0,1,1,0,0,0,1,0,1,1,1,0,1,0,1,1,0,1,0,1,0,0,0,0,0,0,0,0,0,1,0,1,0,1,1,0,0,1,1
41
11,56,42,10,21,18,63,62,63,13,6,62,44,38,63,52,22,40,67,11,18,15,69,10,67,22,18,42,16,72,26,62,67,31,12,62,35,52,62,26,26
0,1,0,0,0,0,0,1,0,0,1,0,0,0,1,0,1,0,0,1,0,0,1,0,0,0,0,0,0,0,0,0,0,1,0,0,0,0,0,0,0
68
8,35,5,18,53,51,51,62,10,45,53,51,41,46,47,10,52,10,31,43,48,39,48,35,65,53,38,21,48,5,0,31,22,6,5,69,59,5,60,59,21,57,62,4,31,53,59,41,62,62,21,13,21,54,43,5,11,35,48,0,54,12,9,48,48,62,59,0
1,0,0,1,0,0,1,0,0,1,1,1,0,1,0,1,0,1,0,1,0,0,1,0,0,0,0,0,0,0,1,0,0,0,0,1,0,0,1,0,0,0,1,1,0,1,0,0,0,0,0,1,0,0,0,1,0,0,0,0,0,0,0,0,0,1,0,1
38
58,37,18,63,15,10,8,14,57,5,12,23,52,32,30,28,36,21,58,66,38,18,31,53,42,53,21,13,11,3,11,29,53,57,3,5,58,29
0,1,1,1,0,0,0,1,1,0,1,1,1,1,1,1,1,0,1,1,0,1,1,1,1,0,0,1,0,0,0,0,1,1,1,0,0,1
53
76,55,35,12,18,52,2,9,66,25,38,24,62,67,19,0,75,76,31,57,68,25,6,54,67,18,20,1,13,67,19,3,4,24,14,13,34,30,36,43,61,12,28,54,9,25,25,52,59,5,64,0,37
1,1,1,1,0,1,1,1,0,1,0,0,0,0,0,1,0,1,1,1,1,0,1,0,1,1,0,1,1,1,1,1,1,1,1,1,1,1,1,1,1,1,1,1,1,1,0,1,1,0,0,1,1
70
64,7,3,56,69,0,55,53,6,3,56,22,60,35,61,10,28,0,70,72,70,65,10,40,65,35,39,29,3,63,61,43,22,11,18,48,11,18,28,29,28,41,28,68,7,29,33,48,0,60,69,37,22,46,72,64,28,31,60,11,40,48,74,44,68,9,63,72,48,60
1,1,0,0,1,1,1,0,1,1,1,1,0,1,0,0,0,1,0,0,0,1,1,1,1,1,1,0,1,1,1,0,1,0,0,0,1,1,0,0,0,0,1,1,1,1,1,0,1,0,1,1,1,1,1,1,1,1,1,1,0,0,0,1,0,0,0,0,0,0
34
51,14,9,69,53,31,36,36,26,42,14,63,46,64,75,9,70,51,63,38,18,36,36,60,71,14,49,49,38,36,9,38,53,38
0,1,1,1,1,0,1,0,1,0,0,0,1,1,0,1,1,1,0,1,1,0,1,1,0,1,0,1,0,1,0,0,0,0
19
2,41,3,37,29,22,64,9,11,37,60,72,65,64,32,74,55,35,10
1,0,0,1,1,1,1,1,1,1,1,1,0,0,1,0,0,1,1
17
51,18,23,51,4,45,52,9,54,57,66,27,28,18,64,64,23
0,1,0,1,1,0,0,1,1,1,1,0,0,0,0,1,0
41
51,50,38,3,51,39,35,51,10,50,63,45,39,52,9,46,53,47,10,61,65,40,51,69,14,36,43,61,35,14,11,64,47,52,46,37,64,35,10,36,18
0,0,0,0,0,0,0,0,1,1,0,1,0,1,1,0,1,0,0,0,1,0,0,1,0,0,0,0,0,0,1,0,0,0,1,1,0,0,0,0,1
63
38,17,40,56,9,46,9,59,7,59,18,7,18,26,60,53,45,15,11,29,64,43,11,63,7,3,35,36,46,26,1,6,7,25,12,5,64,10,35,7,52,60,52,50,29,29,22,13,51,36,69,29,70,38,9,45,0,60,51,6,53,9,56
1,0,1,0,1,1,1,1,0,1,1,1,1,1,1,1,1,0,1,0,1,0,1,1,0,1,0,1,1,1,1,0,0,0,0,1,0,1,1,0,0,0,0,0,0,0,1,1,0,1,0,0,0,1,0,0,1,0,1,1,0,1,1
54
37,69,30,57,50,30,64,10,52,52,50,69,42,59,72,27,63,66,51,60,73,55,17,37,28,35,73,52,21,9,51,63,46,65,73,63,13,37,55,3,66,27,17,37,72,22,51,64,72,28,40,68,19,56
0,1,0,0,0,1,1,1,0,0,0,1,0,1,0,0,0,0,1,1,0,0,1,0,0,1,0,0,0,1,0,0,1,1,0,0,1,1,1,0,0,0,1,0,0,0,0,0,0,0,1,1,0,1
53
65,31,53,9,22,30,46,42,37,45,3,49,49,0,62,62,37,35,57,21,55,53,10,64,0,57,64,40,0,0,64,12,3,40,49,69,65,69,5,6,49,49,48,11,50,40,48,15,35,18,10,27,12
1,1,1,1,1,1,0,1,1,1,1,0,0,0,1,1,1,1,0,0,1,1,1,1,1,1,1,1,0,1,1,0,1,0,0,0,1,1,1,1,0,0,0,0,1,0,0,1,0,1,1,0,1
56
51,6,72,56,18,26,63,72,59,43,51,40,26,31,60,4,40,14,51,65,10,9,37,62,10,43,58,46,35,46,3,10,42,7,73,58,53,36,75,69,9,23,30,14,12,38,9,58,68,23,52,52,57,6,43,53
1,1,0,0,1,1,1,0,1,0,1,0,1,0,1,1,1,1,1,1,1,1,0,1,1,0,1,0,1,0,1,1,1,0,1,0,1,0,0,1,1,0,0,0,0,1,1,1,0,1,1,1,0,1,1,1
72
43,17,52,31,65,60,38,18,63,76,42,2,56,65,55,42,31,9,40,56,17,67,8,17,35,19,15,42,8,34,57,42,17,19,56,1,63,61,40,54,63,16,2,60,17,67,65,62,34,51,50,36,43,53,2,0,21,41,52,16,26,38,52,52,8,13,45,50,63,60,2,17
1,0,0,1,1,0,1,1,1,1,1,1,0,1,0,1,0,1,1,1,0,0,1,0,1,1,1,0,1,0,1,1,0,0,1,1,1,0,1,0,1,0,0,0,0,0,0,0,0,1,1,1,0,0,0,1,0,1,0,0,1,0,0,1,1,1,1,1,1,0,0,0
30
3,46,58,59,64,13,12,43,70,50,49,65,24,66,30,4,28,63,30,5,23,65,14,28,72,75,36,53,75,53
1,0,1,1,1,1,1,1,1,1,1,1,1,1,1,1,0,1,1,1,1,1,1,0,0,1,1,1,1,1
39
52,65,10,69,12,46,62,56,46,37,28,35,31,50,52,37,10,56,30,59,6,31,22,6,14,25,55,12,35,12,26,18,6,38,15,38,38,65,73
0,0,0,1,0,0,1,0,0,0,0,1,0,1,0,1,1,0,1,1,1,0,1,0,1,1,1,1,1,1,0,1,1,0,1,0,1,1,0
42
75,56,10,22,56,26,50,60,49,42,53,22,55,21,22,22,56,60,57,55,59,74,50,27,6,57,12,22,27,38,12,55,51,3,14,57,10,65,36,65,36,14
0,0,1,1,0,1,1,0,0,1,1,1,0,0,1,1,0,1,0,0,1,0,0,0,0,0,0,1,0,0,1,1,0,0,0,1,1,1,1,0,0,1
57
64,67,41,57,13,11,59,15,20,45,36,53,26,60,59,38,20,36,18,75,55,50,59,31,57,22,52,20,59,45,52,42,53,59,66,50,64,30,13,31,65,28,57,28,36,62,41,40,55,64,40,65,59,36,13,22,52
1,0,1,0,1,1,1,1,0,1,1,1,1,1,0,1,0,1,1,0,1,0,0,1,0,0,1,0,0,0,0,1,1,1,0,0,0,1,0,1,1,1,0,1,0,1,0,1,1,1,1,1,0,1,1,0,0
54
14,7,61,51,54,54,24,11,47,37,74,2,22,41,28,44,66,58,23,35,51,72,27,24,16,33,21,72,36,55,63,60,47,21,76,56,67,74,45,43,21,53,55,24,28,9,75,61,65,8,17,20,46,50
1,1,0,0,0,1,0,1,1,1,0,1,1,1,1,1,1,0,0,1,0,0,0,0,1,1,0,0,0,0,1,0,1,0,1,1,1,1,1,1,1,1,1,1,0,1,1,0,0,1,0,0,0,1
41
65,48,12,11,73,27,36,3,10,5,76,42,43,12,24,60,67,53,69,19,53,11,0,21,27,43,58,21,1,7,14,12,71,37,35,23,1,37,21,73,46
1,1,1,0,1,1,1,1,1,1,1,0,1,1,0,1,0,1,1,1,0,1,1,1,1,1,0,0,0,0,1,1,0,0,1,0,0,0,1,0,0
33
42,45,25,43,19,15,47,48,67,19,57,67,60,10,25,28,57,11,39,66,29,32,41,16,17,71,70,68,71,30,72,40,56
0,1,1,1,1,1,0,1,1,1,1,1,1,1,1,0,0,1,0,1,0,1,1,1,1,1,1,1,1,1,0,1,1
64
40,10,70,3,58,58,45,5,23,7,51,32,59,2,19,62,34,19,57,17,61,41,74,57,4,40,67,67,1,2,70,75,30,59,68,70,72,23,26,1,19,59,0,15,23,34,3,21,73,70,59,30,74,1,17,34,56,9,68,37,52,18,57,56
0,0,0,1,1,0,1,0,0,1,1,1,0,0,0,1,0,1,1,1,1,1,1,1,1,1,0,1,1,1,0,1,0,1,0,0,1,1,1,0,1,1,1,1,1,1,1,1,1,0,1,1,0,1,1,1,0,1,1,1,0,1,1,1
47
55,31,51,57,12,15,48,56,64,65,15,65,6,14,10,36,11,48,36,50,46,3,35,38,14,13,45,50,32,65,37,65,42,57,6,65,63,36,36,51,12,73,0,51,42,60,53
0,1,1,1,0,0,1,1,1,0,0,0,1,1,0,0,1,0,0,1,0,0,1,0,1,0,1,1,0,0,1,1,0,0,1,1,1,0,0,0,1,0,0,1,0,1,0
67
26,3,62,43,3,8,45,9,52,38,17,59,18,17,38,40,15,46,24,11,3,36,37,17,71,12,64,30,46,53,22,45,6,65,22,35,22,8,17,11,46,46,59,6,11,11,51,62,62,0,6,13,0,11,13,3,17,64,57,59,17,64,3,60,59,41,38
0,0,0,0,1,1,0,0,0,0,0,1,1,0,1,1,0,1,0,0,0,1,0,0,0,0,0,0,1,0,0,0,0,0,0,1,1,0,0,1,1,1,0,0,0,0,0,1,0,0,0,1,1,0,1,0,0,1,0,0,0,0,0,1,0,0,0
60
53,3,0,24,76,70,22,58,58,34,70,16,66,26,46,21,13,5,38,36,34,21,38,43,7,18,68,8,15,63,6,46,63,51,59,31,22,57,64,14,25,37,52,58,61,48,5,5,2,48,11,0,53,75,17,47,6,76,7,37
1,1,1,1,1,0,1,1,1,1,1,1,1,1,1,1,1,1,1,1,1,1,1,0,1,1,0,0,1,0,1,1,1,1,1,1,0,1,1,1,1,0,1,1,1,0,0,1,1,1,1,1,0,1,1,1,1,1,0,1
28
52,69,59,31,32,45,65,59,40,40,40,14,63,38,3,37,69,22,9,51,6,30,53,14,64,12,38,42
1,0,1,1,0,0,1,1,0,0,0,1,0,0,1,1,1,0,1,1,1,1,1,1,1,1,1,1
65
52,13,60,14,9,6,33,12,70,22,10,30,27,46,74,3,14,36,52,52,13,9,46,52,50,0,35,32,75,36,39,46,30,30,31,70,51,35,52,22,35,64,13,15,39,64,3,3,12,32,40,22,1,57,52,51,50,74,55,60,43,15,1,74,43
0,1,0,1,0,1,1,1,0,1,1,1,1,1,0,1,0,0,0,1,0,1,1,0,0,1,0,0,1,0,1,0,0,1,0,0,1,1,1,0,0,0,0,0,1,0,0,0,0,0,1,0,0,1,0,1,1,0,1,1,0,0,0,0,1
57
44,51,12,7,40,37,31,46,51,10,69,15,53,9,64,15,63,7,59,36,36,52,38,13,44,55,7,26,31,9,44,53,48,65,35,52,40,7,40,38,40,15,57,36,17,36,31,40,69,53,62,40,7,15,0,46,15
1,1,1,0,1,0,0,1,0,1,1,0,1,0,1,0,1,0,1,0,1,1,1,1,0,1,0,1,1,1,1,0,0,1,1,1,0,0,0,1,0,0,1,0,0,0,1,0,0,1,1,0,0,0,0,0,0
37
12,13,25,42,45,45,11,28,46,30,0,36,3,56,64,30,61,9,10,59,42,25,45,30,55,3,65,69,30,62,56,53,30,11,26,46,60
0,1,0,0,0,0,0,0,1,1,1,0,1,0,1,1,0,0,1,0,0,0,1,1,1,1,1,1,1,1,1,0,0,0,1,0,0
25
64,14,65,55,57,64,73,15,59,38,38,21,17,6,6,59,0,60,35,69,12,35,67,6,38
0,1,0,1,1,1,1,1,0,1,0,1,0,0,1,0,0,1,1,1,0,0,1,1,0
31
20,15,48,11,43,0,46,44,0,46,59,40,56,40,62,30,12,57,7,15,43,3,46,11,42,20,45,56,63,18,51
0,0,0,0,1,1,0,0,0,1,0,1,0,0,0,1,1,0,1,0,1,0,1,0,1,0,0,0,0,0,0
44
52,69,14,76,30,37,55,57,13,62,70,45,22,9,70,15,59,50,30,3,62,11,56,46,51,30,11,48,9,9,53,59,0,36,57,45,38,26,53,48,10,48,60,42
0,1,1,0,0,0,1,1,1,1,0,0,0,0,0,0,0,0,0,0,1,0,0,1,0,0,1,0,1,1,1,0,1,1,0,1,1,1,0,0,1,0,1,1
37
43,30,0,3,53,14,23,36,39,63,52,55,22,40,55,26,37,36,26,42,38,53,69,69,67,31,26,6,43,71,31,10,53,38,36,40,11
1,1,1,0,0,0,0,1,0,0,0,1,1,0,1,1,1,0,0,1,1,1,1,1,1,0,1,1,0,1,1,0,1,0,0,0,1
50
64,47,71,30,11,7,65,1,31,37,46,16,26,4,52,58,4,4,24,1,4,17,15,4,31,11,31,63,25,37,10,65,1,24,36,63,11,22,17,1,17,36,76,51,24,31,15,18,1,4
1,0,1,0,1,0,1,0,0,1,1,1,1,1,1,0,0,1,0,0,0,0,1,0,0,1,0,0,0,1,1,1,0,0,1,1,0,1,0,0,1,1,0,0,1,1,0,1,0,1
25
0,41,46,13,40,18,18,52,55,64,42,28,13,11,26,41,32,41,17,65,26,40,30,17,48
0,1,1,1,0,0,1,0,1,1,1,0,0,0,0,0,1,0,0,0,0,0,0,0,0
27
34,46,62,63,10,46,60,60,3,62,60,43,57,55,37,42,21,46,43,63,42,5,60,37,59,11,21
0,0,0,1,0,0,0,0,1,1,1,0,0,0,0,0,0,1,1,1,1,0,0,1,1,1,0
44
57,31,40,23,23,52,13,43,60,26,30,63,44,36,13,22,26,38,51,59,34,30,14,45,40,51,15,26,69,74,50,56,53,11,38,25,57,34,44,53,59,18,31,55
0,0,1,0,0,1,1,1,1,0,0,1,0,1,1,1,0,1,1,0,0,1,1,1,1,0,0,0,1,0,0,0,1,0,1,0,1,1,1,1,0,1,0,1
51
27,5,4,30,76,32,16,44,62,60,43,14,15,11,40,37,19,39,27,64,68,65,72,33,47,75,16,73,22,53,11,13,58,19,66,62,54,9,63,11,43,67,76,59,54,72,65,47,60,1,10
1,1,1,1,0,1,1,1,0,1,1,1,0,1,1,1,0,0,1,1,1,0,1,0,1,0,1,1,1,1,1,1,1,1,0,1,1,1,1,0,1,1,0,1,0,1,1,1,0,1,1
50
65,5,44,63,64,15,22,17,73,76,28,18,54,7,42,30,46,58,1,40,53,23,73,4,68,46,3,64,39,42,39,15,13,46,6,2,64,61,17,25,53,30,19,8,61,58,19,16,55,29
1,0,0,0,1,1,1,0,0,1,1,0,0,0,1,1,1,0,1,0,1,0,1,0,0,1,1,1,0,0,1,1,1,0,0,0,1,1,0,1,1,0,1,1,1,0,1,1,1,0
46
56,25,1,30,64,20,48,16,72,19,48,32,75,75,42,17,38,22,30,58,12,18,14,41,20,10,0,12,21,29,32,69,73,2,20,31,63,52,52,57,70,66,62,42,65,29
1,1,1,1,1,0,0,1,1,1,0,1,1,0,0,1,1,1,1,1,1,1,1,1,0,1,1,1,1,0,0,1,0,1,0,1,1,1,1,1,0,1,1,0,1,1
38
9,62,51,15,8,31,53,30,3,12,22,63,31,63,46,36,57,10,4,62,40,10,56,59,8,3,31,46,26,63,6,51,51,51,36,31,57,75
1,1,0,0,1,0,1,1,1,1,0,1,0,0,0,0,0,0,0,0,0,1,1,1,0,0,0,0,0,0,0,0,0,1,0,0,0,0
40
38,2,56,27,70,3,46,63,25,14,43,36,66,1,2,34,31,67,32,41,47,36,46,41,40,25,58,40,56,0,62,31,71,66,72,24,26,13,11,3
0,1,1,1,0,1,1,1,1,1,1,0,0,1,1,1,1,1,1,1,1,1,1,0,0,1,1,1,1,0,1,1,1,0,1,1,1,0,1,1
63
6,13,11,64,37,11,26,54,14,35,27,11,15,12,59,64,1,11,12,57,38,42,0,36,51,52,57,17,9,46,60,27,17,26,59,54,54,53,68,38,49,0,15,65,31,59,6,55,60,0,50,10,40,51,30,68,35,74,36,49,15,1,50
0,1,0,1,1,0,1,0,1,1,1,1,1,1,0,1,1,1,1,1,1,1,1,0,1,1,1,1,1,0,0,0,0,1,0,0,0,1,1,1,0,1,1,1,1,0,1,1,1,1,1,0,1,1,1,0,1,1,1,0,0,1,1
41
76,19,3,33,68,20,65,71,2,11,14,70,8,10,8,60,46,29,60,24,54,41,75,13,62,34,7,17,52,76,14,51,46,20,28,58,43,73,6,28,30
1,1,1,0,1,1,1,1,1,0,1,1,1,1,1,0,1,1,0,1,1,1,1,1,1,0,1,1,1,1,1,1,1,1,0,1,1,0,1,1,1
48
40,69,67,31,63,64,51,57,53,69,29,14,11,30,53,51,64,18,45,54,7,21,18,13,50,57,6,63,30,10,22,29,68,36,0,40,29,9,45,45,18,38,67,30,42,0,59,7
1,0,1,0,1,0,1,0,1,1,0,1,1,1,1,0,1,1,1,0,0,0,1,1,1,1,1,1,1,1,1,0,0,1,1,0,0,1,1,1,1,1,0,1,1,1,1,0
46
6,33,34,43,60,34,0,4,67,15,57,32,65,67,39,47,68,6,70,26,27,9,72,60,21,73,6,30,43,41,67,23,52,65,2,38,2,51,59,65,56,8,36,16,30,13
1,1,0,0,1,0,1,1,1,1,1,1,1,1,1,0,1,1,1,1,0,1,1,1,0,1,0,0,1,1,1,1,1,1,1,1,1,1,1,0,1,1,1,1,1,1
28
26,9,38,60,45,59,45,69,36,37,60,40,36,15,63,50,41,0,40,63,32,34,15,46,65,30,65,41
0,1,1,0,0,0,1,0,0,0,1,0,1,0,1,1,0,1,1,1,0,0,0,0,0,1,0,0
24
31,46,53,12,16,63,23,38,51,36,23,35,44,51,69,42,31,36,12,46,69,56,52,36
1,0,1,0,0,1,0,1,1,1,0,0,0,0,1,0,1,1,0,1,1,1,0,1
38
30,42,22,43,51,12,55,9,18,15,17,65,10,6,69,64,50,12,64,64,69,67,35,26,0,35,0,43,47,9,36,63,60,38,65,40,35,31
1,1,1,1,1,0,1,1,1,1,1,1,1,1,1,0,1,1,1,1,1,0,0,1,1,1,1,0,0,1,1,1,1,0,1,1,1,0
35
26,29,46,53,73,22,45,52,56,55,31,29,12,43,64,13,52,45,38,62,65,13,6,59,31,62,64,9,66,10,46,50,45,73,12
1,0,0,1,0,1,0,1,1,0,0,0,1,0,1,1,0,1,0,0,1,1,0,1,0,1,1,0,0,0,1,0,0,0,1
20
0,69,59,32,42,6,49,60,11,6,5,42,37,31,32,63,5,0,4,66
1,1,1,1,0,1,0,0,1,1,1,0,0,1,1,1,0,1,1,0
41
12,46,60,2,59,50,0,35,15,52,18,11,74,74,57,20,3,11,12,30,3,13,60,59,12,50,59,20,45,24,37,11,26,36,6,10,24,24,60,60,24
0,1,0,0,0,1,0,1,1,0,1,1,0,0,0,1,1,1,1,1,1,0,0,0,1,1,0,0,1,0,1,0,1,1,1,1,0,0,0,0,0
30
50,63,53,59,6,38,0,17,29,38,50,14,11,12,29,46,36,10,38,37,51,67,17,37,17,55,46,6,54,62
0,0,1,1,0,0,1,0,0,1,0,1,0,0,0,0,1,1,1,0,1,0,0,1,0,0,1,1,0,0
56
42,14,12,59,59,51,13,0,42,39,37,62,48,23,18,64,68,51,55,23,60,30,62,21,43,57,15,15,6,64,38,38,34,40,64,63,6,42,57,13,64,22,60,68,69,45,65,6,56,70,40,70,43,11,64,18
0,1,0,0,0,0,0,0,0,0,1,1,0,0,0,0,0,0,1,0,1,1,0,0,1,0,0,0,0,0,0,1,0,0,1,1,1,0,1,0,1,0,0,0,0,0,1,0,1,0,0,0,0,0,0,1
69
35,58,30,41,50,42,30,60,2,18,45,56,40,63,35,56,50,22,2,42,18,43,56,22,41,8,35,36,10,26,2,41,50,6,28,9,21,74,51,65,37,8,6,38,45,72,16,43,12,35,26,28,42,41,13,56,8,18,12,28,42,42,50,20,40,56,22,2,57
1,1,1,0,1,0,1,1,0,0,0,0,0,1,0,0,0,1,0,1,1,1,0,1,0,0,0,1,0,1,1,0,0,0,1,1,1,1,1,0,1,1,0,1,1,0,0,0,0,0,0,1,0,0,1,0,1,1,1,0,0,0,0,0,1,0,0,0,1
58
74,44,10,65,62,26,15,24,40,7,67,35,46,33,28,75,10,8,62,56,0,37,2,53,15,19,66,48,17,25,37,31,19,4,46,72,52,47,39,36,67,34,23,44,21,40,33,22,46,46,66,59,33,70,56,13,72,42
1,1,1,1,1,1,1,1,1,1,0,1,1,0,1,1,1,1,1,1,1,1,1,1,1,1,1,1,1,1,1,1,1,1,0,1,1,1,1,1,1,1,1,0,1,1,1,1,1,1,1,1,0,1,1,1,0,0
37
5,22,64,51,21,64,14,31,56,64,69,18,36,41,37,57,9,64,52,53,15,3,64,50,64,60,52,52,11,30,10,65,13,30,35,6,59
1,0,0,1,0,0,1,1,1,1,0,1,1,1,1,1,1,1,1,0,0,0,1,1,0,1,0,0,1,0,1,1,0,0,1,1,0
45
35,26,25,25,59,13,43,36,31,23,25,66,37,63,59,27,48,32,1,0,23,73,24,6,58,69,45,11,20,32,62,76,70,17,76,43,51,68,46,55,31,29,70,27,9
1,1,0,1,1,1,1,1,1,0,0,1,1,1,1,0,1,0,1,1,1,0,0,1,1,1,0,1,1,1,1,1,1,1,0,1,1,1,1,1,0,0,1,1,1
